8090:
123943
1073549
153249
39584
2050437
2257934
1453600
1453944
1074851
1847346
2462971
2273897
1487347
102079
6970:
517445
347950
1547957
1898475
555561
1106590
6795:
222574
810108
611041
1676357
969335
2426596
1870124
1162334
1110582
760653
2232774
2141209
1766664
712330
1223473
1554622
1478019
50094
1649774
673541
899064
619222
2624925
2165248
2306920
631290
2545765
2270384
1045426
2371670
6790:
1750294
814390
821397
298662
1896638
599851
941015
2160532
2063478
1366700
900281
2536002
16705:
1565388
1517391
365779
347434
1714580
2265976
624344
731321
1392252
1229339
1473595
287827
884428
1254712
1658496
1810278
1548807
944388
910335
1733612
270288
1961537
2174994
1024368
2114592
2380238
1585056
136040
12010:
750495
991673
190489
1344006
2577954
1772479
4334
2298673
1678398
1408604
2404201
2109649
1397368
1934139
1254243
1789138
17250:
644003
1343375
293889
2071798
616030
131504
1794461
902007
1373898
1242263
1624432
2211013
1709750
1134042
697701
1033220
2502424
268174
1977018
856019
137951
529544
126100
1035658
770035
1099322
329302
142960
2301929
2080268
334247
2364155
626077
1113631
408706
951003
2050707
476496
323510
1791351
191801
534793
1710338
1421209
1439328
2218916
764910
1131615
1142589
538010
922961
584861
626802
989391
683787
1462172
1241350
1193964
1151441
249291
106568
940163
1754654
461287
244718
1763740
2414819
278006
1096353
817094
294270
168947
1499066
283734
2421546
2491121
1057996
1025421
60658
1935072
2574566
2089137
976345
272466
1691148
2398366
1431394
281734
978407
2420262
360546
1087279
3515:
844512
2616778
2193356
737709
2470704
1051355
2353668
1489344
953144
69207
842550
1554033
749015
881287
460888
1383680
2205498
1975802
775839
1128082
2427175
354005
1047129
1893628
1808555
308687
1267689
670682
1998535
2159316
1159781
743488
1483921
220817
403919
1962244
1679407
1995151
747122
272805
2409333
2452330
39830
1130923
171417
2073903
2207967
1909324
2685:
518282
2347287
1572181
120820
2629818
660649
2341171
2451622
1292719
1478973
1109678
14620:
767665
2441895
95:
217528
1337115
2497006
1570495
1223052
822613
1814653
1981067
867868
13050:
1008399
529647
1809852
2106797
75501
689243
1176421
92460
756559
1238414
1465418
1019076
2296625
1073858
2199189
751020
12920
2506819
388825
1676693
1103906
125969
2416619
365284
1117032
8868
1785504
2565570
1116849
171717
850602
348842
2575015
980193
382161
2164980
2014809
1845769
2289156
2602746
171624
712775
2559746
2526970
632816
1352510
920398
172499
1390150
161054
552439
356285
636764
2413457
326912
1886287
2111005
1998821
312836
1291287
781614
2343835
81907
920623
2370268
2033018
821358
213296
416694
635790
1841636
1185722
1890458
933111
335340
562438
1213804
684015
1636724
1218206
311325
1608279
533856
1858769
732388
427596
2384511
970799
1016222
1170626
2646917
2462874
77474
745371
284972
235264
404056
263838
900806
1228855
1700771
2065094
222158
317600
2514421
526450
1860269
872160
1971790
1639688
59686
1269558
1681450
1713952
2341799
2648368
517023
2163241
1668271
619258
644868
2611872
495643
2100465
1000560
1524264
2052454
1765341
1346087
1601224
968592
2143203
1423199
2639602
629502
1031239
1241730
2218132
1307983
2208558
2370738
551402
1304351
185762
567013
2345195
286783
2607171
1275706
702775
2543237
470975
1893328
1872840
2365841
585597
1216639
1677519
279068
1799398
2335851
1513632
1946400
1525936
230611
352036
12657
2397189
231908
2625866
251779
515837
2488670
1146044
2261901
505131
935076
1796642
2451339
589279
1605945
1735343
1583331
563387
1841595
1330451
2449326
659061
1125520
1364011
1413675
1107368
220275
1907699
613389
2353468
652235
1825016
987493
577363
1078350
2271118
723396
452845
2351274
2027294
1641583
939678
1765631
438567
1245380
1642255
1015427
1517258
1971902
1433798
937655
2633208
850699
1099188
1343400
388206
264828
1611055
2505807
1320302
1019852
713752
930608
2576561
2034861
935955
1407269
243536
1902393
1708546
2600064
2623702
1439976
137555
502326
2197645
1241296
159933
2617967
2552360
968709
1708808
1100216
1648251
148224
1768762
1283030
434802
2433470
1203785
1980506
1365307
552673
1173838
505488
991237
97280
1051118
1902937
957739
837404
2320266
481665
751397
589412
789068
246655
287257
1590500
793515
748895
541693
1503303
430694
247474
2139117
573914
696846
226913
359453
806735
1816055
337085
2443203
2335009
1661843
1332611
1478311
460158
1498
1890069
1949534
168138
2340902
139327
1753925
1035847
2194725
393526
1220189
1123886
173304
1924539
881547
694278
1320750
1413292
975377
1234100
1504074
2507427
2187424
688824
170335
445024
2633210
904255
2382419
469759
189913
2330063
1809362
2491292
1475182
719062
1266694
958251
929688
2365965
749536
480984
2488620
1898152
1252632
310439
193838
823109
1292318
2222371
910031
2517371
1090017
811771
1272943
170850
459998
1353984
423426
1221126
1361637
1045317
1968013
648071
2479308
2024772
1394818
1984312
1474242
2406195
2282381
1028431
1071160
955339
2012964
1792909
761125
1546426
512923
878458
12483
1307536
1620803
2224181
1091090
1222270
2308194
1612953
983437
1510042
2015053
1603401
2357558
2109673
1202203
1333323
2443844
37990
976496
174630
142842
99580
729150
194958
2164057
683504
1723740
894847
2519883
697392
2208840
727295
2500433
1776327
1588330
2479722
2550472
1004068
270352
1624950
1611150
2591010
1173686
929377
459649
737198
326642
1986616
987723
1070765
1962896
238827
2306471
255017
1740680
1928914
608899
1630491
2632332
1401872
833881
1213732
561980
1640832
1656136
746971
770393
2250969
20014
118208
489113
1717219
2137052
1878922
1886174
2322076
1588923
2160694
2406539
1658503
25615
965489
521361
958499
832873
2149267
1376891
598828
952788
259585
611436
2058714
606985
888740
401336
636387
699893
1098188
2055584
106035
1346254
1408087
1514013
4490
1883850
1144739
1802002
591753
568078
1519887
99393
1688762
2014644
1301094
184243
773219
1483208
1652133
1734286
2291568
1043788
1427102
2641121
2534890
363081
2299947
315336
2533836
1890053
1486148
120832
775296
2375160
87775
1458904
2405251
243428
2434886
328761
662982
667125
1758908
1117598
1674267
483905
2078188
1874553
1281330
2370043
1729610
1088300
1618576
2444029
1012664
2361764
1706391
1751129
1480292
1726058
888528
2158447
31343
1870618
1855779
1036904
131933
448920
245441
2005394
187358
629662
537932
2286068
1278605
1406378
389980
2354018
714065
271971
1620813
1816646
2035355
816046
1768887
1366081
2171620
967122
429299
244830
224435
1620878
754061
1699833
951757
1893488
2433382
1373364
1392257
407347
2573862
401606
1988372
436776
631430
1019134
697140
1079690
1711427
1401918
579284
2365521
1036397
2198247
995265
827801
2412719
1091754
636315
752331
2349988
1590862
1454384
973121
222313
846639
469707
835806
1609158
1208086
2480413
609970
1698019
2168666
1902899
1010242
343273
406047
1652012
2166524
1810328
520864
2266841
1902561
2423483
1461607
1998605
700683
2196905
1316999
1285338
2288827
1275914
838777
564304
2032400
2201585
499139
994549
1924686
429571
1656666
1274104
285710
1668818
1266735
626267
677634
2496353
276020
131231
2093714
1016540
1270506
495380
2462886
1007005
1716059
878751
884388
1170:
1020344
907316
2503903
809036
2570079
2640647
974940
74047
809827
2540684
2376306
7180:
325046
1603672
551303
2177447
2522650
850809
2133253
848325
2608805
1759827
351445
2052412
2566540
1299784
911137
52458
403877
1715562
887522
2444892
2568861
2302717
1283826
2425454
830766
407414
1173844
2537649
956138
2258490
829075
1881739
2025843
911580
1440660
1332965
1056494
663848
423827
704101
515758
1081457
154582
127165
217938
2228144
2085256
2238110
708918
814777
212283
2317074
1892305
928377
181529
128259
1298800
1364118
2276412
228703
1645954
2222976
186826
1565855
875:
2487544
2303588
111696
640025
129239
1949345
12830:
2224153
455593
493374
2513893
2246894
249609
1370677
164433
481740
1364777
15285:
2087505
2095697
1130863
718099
130350
7455:
1090734
1645267
1623073
1452792
871081
1545805
1386537
453863
17573
898160
691679
4730:
708870
427928
2503953
76936
1974593
2608072
1817859
352254
1551108
35547
1459377
908232
206891
2280716
2511552
1959367
815503
986787
1927526
1034068
1339320
801981
2425063
2596555
2493466
2151843
193702
1066652
1524324
1907801
1641668
470104
1446878
10880:
2200103
1104586
1262307
2261254
2568756
774281
1441938
207672
838414
150694
2626153
1010632
4735:
2311261
390:
775400
2418782
232566
548945
1923234
429873
2487869
1759005
1283896
1419194
1432181
2099163
361141
2493320
1426364
1557606
548680
2077841
2290458
1810278
565120
269408
1786517
424920
135932
918659
1719045
330547
1926027
1777170
1513265
1316659
2350458
670478
2620360
295090
956587
2448831
1735275
1619994
1837258
255756
395:
785314
1217256
436529
99207
570339
2438512
2525605
2324019
741285
1518836
770469
139241
2339582
2144291
382234
1527706
945542
257243
519744
952156
2282361
1770569
34166
123725
1014473
2025883
1028078
2240776
1808587
1309484
104067
695590
901819
1694550
860105
524969
394370
350889
1026178
1944341
1257469
2018385
1291805
987181
1975220
1212371
2010522
1887774
1629886
182658
1017240
1275518
790845
602167
1720038
1312396
1413059
2308187
442221
2568315
1413367
2031931
1662380
2468923
39043
256135
177134
1349461
1897930
2411252
2463882
308548
2484635
1582665
1378853
1985422
295138
2136083
1501650
305112
480225
461351
1782200
746618
192009
2418991
1854330
926979
1701522
446078
13610:
468624
353906
318939
2413942
492706
591489
1791344
1354067
138042
1308058
63634
2215261
129977
207885
1722939
429441
106274
54705
2139524
253907
2227565
2129315
1166604
1913372
50183
179227
1122377
1922324
1597145
1622245
1212335
1000854
2141037
2161399
1258178
823816
2073999
913794
338571
118916
1840502
1287180
321525
495789
1184928
1439985
1795285
2611877
2527849
2502456
2113507
539589
1245681
557310
300962
2441759
1147262
443884
900289
718612
1627938
1451757
189672
1286307
1557558
2099223
1081980
1910719
1583607
757383
2523840
276388
2513876
107822
1280168
1545458
2333520
1425157
1509285
858507
661149
809684
723085
2027022
538975
23677
905901
2099651
1700242
11280:
1488236
1217754
1628442
1175681
2374276
2577445
2063639
17625:
42362
1188085
1979350
1899676
1374956
1579517
1065412
859226
933700
2550383
568743
2200556
395586
240817
1232538
2084385
28560
1816364
2314186
1041866
738952
1861654
2516157
2095195
1106672
686489
613560
1508257
3745:
471569
1125670
1594567
411114
1224601
160214
4620:
396527
851778
13530:
2440784
438833
1806252
105110
2383810
1315185
935972
2424697
11755:
2249419
983685
1599336
152285
1379726
2200635
362534
2250552
1202986
423773
814390
987278
1469133
1741187
2157972
1020057
380482
387855
814831
235952
1278822
282702
1540794
459347
1396245
1658341
1938992
633531
1213539
2373349
1288980
838029
1623900
1143248
1810444
2157093
2563172
1977908
1359862
473486
1675978
1098143
2235408
2583847
478158
298238
1679097
558815
1033278
2145747
269941
952582
553830
733971
1634324
2060936
946694
2440615
619727
1997031
1155259
1720922
1007255
330102
1101672
412491
788698
2236236
261902
2603066
2337588
1429364
30098
1964144
2142037
2209867
1549539
2471312
527994
1508426
1600684
1126020
784538
643754
1367241
1260588
1586924
571443
2297677
2418088
141499
538741
1524197
2294728
567965
2595265
190152
1942697
2156448
1246340
820399
642105
1633761
177187
1359964
1865748
1104196
2452029
249839
219274
1512642
1308944
1654414
669635
266793
213464
1929395
182159
445500
343597
154457
1483402
129310
385742
715352
2174663
482892
257501
1651303
210750
2187897
1857159
1149130
1258596
1184999
2283915
1373232
1250843
312064
277276
1509061
972680
1579026
1116356
610995
2273981
1112550
1298606
1737592
267107
1163528
1718460
1352295
1555156
148652
263985
492830
318672
767979
1693275
1029884
646548
1593711
2010898
1950379
861402
122944
601202
11750:
1208027
1494275
560286
1893724
120548
16395:
571594
1274786
2132249
1945225
1833179
1440346
35434
1211870
578690
374997
285298
2172710
2245007
175:
159007
174699
929630
1682760
924772
1189686
1824033
1484465
1709821
991931
2258927
435711
1588300
179159
588844
777777
1500619
2636158
2087361
2416538
2159395
855578
1549946
2604263
200675
520871
1977851
617898
577748
2277952
1779983
1954460
439821
1855940
561754
1673005
738903
1643523
1210660
1539912
1082284
2579104
1609058
953592
891924
146956
1982061
2198685
844043
1934181
504165
1901530
1995200
46651
2599555
1040810
2333425
838585
2161273
1589034
2438150
1109822
1307661
494417
2644338
909088
668194
2569512
2221397
486022
1691756
1785308
962645
966474
875555
191897
45327
2605901
2268502
454575
1293143
690696
395627
2357350
846951
1256078
2564096
2579855
1572950
549440
1061689
2252410
2454201
1212698
2120654
447407
669548
1970837
1359875
327447
1548250
1470648
507634
2309242
622123
2413782
2424893
2315358
1359097
1067552
2202247
1699127
1491294
1925586
1872604
2363121
1968507
1248245
974405
1251402
939644
1190563
2507960
1871944
281682
1951869
753461
226098
1845039
759371
538441
971245
1375566
296914
533339
429783
75214
23866
482601
2184214
1078948
2083166
2432736
1321213
2334083
2511925
525222
861145
2472824
2020680
721269
1604229
1114843
31818
441022
149058
743003
1273439
2609409
765513
2222081
531778
1203857
298974
897594
994680
102329
795314
620007
2427258
2609872
2566674
268406
1345145
364157
1972150
783860
2253103
1218555
1916993
329855
2272365
306600
448933
1770429
195854
1135030
1597730
335842
2239076
381457
856146
197413
2213836
1750460
1651376
425045
2376667
1386436
2563318
782381
178352
1333091
1047065
1854965
1648695
2213715
1023966
2248481
1438923
823306
2015804
2246760
381416
720447
2051475
886608
1836951
544862
1087486
1556631
590535
1911350
778941
2051036
2459259
613302
2558527
1218533
109038
1642863
186074
598955
246727
1725691
1003957
1008788
2535930
1765185
1593281
201370
412568
718422
710528
2575766
1448815
44755
783156
512317
253686
1255410
2569708
1440656
2068182
264157
2238320
643251
163970
239904
1543109
1012713
314083
2043928
842956
439403
1520597
933186
1687301
131104
303766
579312
2231189
333788
80065
1498354
1168304
948961
919454
491291
2530793
2257023
2467382
603209
1093593
389073
2237011
2341984
1097765
2341880
1637931
2379150
1291262
246341
844748
147282
2477748
2621840
2595920
918763
2434195
1282268
1541263
273057
887220
467817
376682
63999
583360
2140572
1184954
1649540
950247
1291694
126134
1764906
151671
825016
828452
454310
470441
2632946
2551383
613700
1228989
936220
1194898
617529
907879
2382438
509469
1185670
1954462
2480238
134758
465154
783877
1405299
1854976
1217849
489659
2513485
2224586
357360
1498753
1830862
2531730
1046001
1803381
2221276
305643
937974
2449799
1877939
630573
1609767
1255318
301611
112236
874678
2426379
1257900
425862
2095263
1818970
2135578
1110435
2327130
1270676
1613905
453798
1531539
410060
1294746
255712
1357355
420288
1385025
1193566
444083
2607604
534425
143338
2099112
2603247
2566662
531823
1707299
2304873
2419437
851927
1284369
1815619
2249479
1162138
2342171
1201534
151321
2511210
1003353
1933785
2240022
946736
573186
1876679
295054
1205312
1587012
1809775
2516915
2357564
664
1542580
1815573
1906173
182262
2217433
1121150
1558896
1947817
2337562
116545
901578
495006
475303
1401491
1458274
2234301
99519
1568650
749562
247199
226108
783377
517395
173338
379388
477285
1965076
1365382
2538881
2053827
976721
53677
1169274
1264958
1413461
2426902
1438160
1847348
2307895
2220023
740540
1140054
1844183
168827
851339
515816
78348
757740
176056
1579611
2396855
942745
621106
974725
2243511
2066735
1472581
1405816
2040566
72200
1611449
88414
1645328
677361
1446783
578216
2218129
498044
2380552
291057
2188212
2009174
117990
1409338
1415066
233119
499105
2531901
381974
1584223
1730064
2195778
2026084
370729
2123115
381682
1439500
1233013
2614916
1815254
630531
324392
1882599
1229603
725151
1828005
1730966
905781
1995116
520447
2637596
292937
1118659
1076734
1217538
2141552
149349
2052726
2406312
915294
281877
765194
55621
1604714
612284
1717498
1403328
1396872
1026880
659906
174817
988347
1796118
1720873
2194340
2602031
1444082
463166
729987
961368
2241800
2609995
2615235
1389360
173724
2330788
408578
537102
850603
1396142
2224778
1771116
153183
1107411
2383537
561813
2414101
2274532
1379981
1207675
2571849
1752839
1351118
1174047
1230572
914920
2412939
2001540
331835
585399
1647579
960523
2049296
2353831
2528364
823506
1874123
739184
894928
1936341
2251259
623872
1706530
697215
1751184
1750660
330561
1243817
1231421
105078
216839
1072205
1770539
1849969
164395
520156
821643
1119144
1755826
1880792
1127447
96229
255900
147698
2331504
2549357
2148323
3024
1283651
1547861
1288037
2394020
1626620
2500125
1742072
56967
439996
1372628
1136820
2414666
834247
1145267
1635932
2255774
1114743
579548
720526
653060
1940758
1964200
1923976
648174
573395
2176578
135658
2593730
534942
336975
2039367
1595064
141988
781923
2397362
2420139
251877
1729218
273354
2215690
2572339
1972444
82048
2244827
868949
807714
2584535
1956836
1839464
1024199
506804
2234431
2043931
2436521
1890868
430292
1456939
445271
361556
1955514
185209
127288
1697990
986523
50375
2059543
1698881
358656
1467762
1567618
883481
1942764
1212247
1876353
162867
1093536
1236307
1872599
1608703
164
1870259
2510613
2180176
2109450
2194133
773045
1552676
562320
2126018
123200
354308
1819866
384972
948774
83060
1931371
2365320
822413
2279490
2220892
1878773
537495
2423742
512686
1648250
1770898
916375
1953033
900850
1028417
2350440
2093597
1566444
808353
1136703
2118715
42799
332476
1258290
1871748
211680
651625
1914065
739570
2614779
1476719
2591126
1728149
1629391
711425
961669
548756
2043142
1455999
1704588
284322
1305033
1894193
136276
1799766
1245038
895091
1791621
2468076
532697
2254975
2480440
2322118
2196069
170302
2237236
461075
445297
557652
2476951
1211142
335694
723094
1314322
1632756
1989409
330299
2157774
24095
465795
545077
187100
2046111
2091848
1326368
2415067
1517678
764664
268110
654456
1850348
2588989
621697
1181134
1524050
842911
295745
1173675
2334996
1664029
1152159
708683
912105
1902142
2602935
1484099
1984162
188425
1640516
1097156
1063813
407001
2296451
371156
2262912
2516245
1324587
1957003
84092
834442
1042186
2567189
2644064
1831695
1894394
281057
2316977
1470753
891952
792559
823598
2233746
2549130
1984625
2013693
521062
1838284
605140
1261325
2188620
1299811
1751526
2279812
928825
1374105
2296861
787359
578650
1810581
905400
492491
2582761
2271516
2488255
1464910
840066
1616562
1541344
1963126
1321177
506262
199863
1808067
2001414
1231181
765328
289473
1062999
506115
1339467
1137354
2540171
1932535
645269
1857699
191757
423189
790249
1409616
658897
1472844
1163618
683119
53589
1817364
1029035
876354
1056500
1233169
410303
2571599
2636040
772267
1181528
2331116
1405323
373636
2198877
2338715
739758
2123452
2450665
1401441
1572350
1745749
2340363
2348535
290656
938564
2229470
1063164
1471034
1966221
1801677
1031581
2480774
2395270
2411303
41347
205594
1778729
1193761
1583734
2050869
1961939
846752
1634356
1652561
650424
643292
717123
729425
202895
1903553
1308134
796000
1305605
712075
1105400
1930009
2029258
2617629
1149094
1371590
1099347
2417932
2621380
1573211
1222182
569132
2116429
1849204
8505
587749
97117
2486323
1754248
1700462
2015929
1538505
87035
1948207
1285493
449537
989806
978938
1064811
131440
315027
1103585
2498220
2555394
2116667
2477390
2261374
1040474
104011
200219
2071601
821521
2431539
1808519
1158585
1045440
1299891
1494913
1527848
1033717
792725
1769787
594509
307834
2645325
290352
2414035
1329911
161738
767232
1993491
1789890
630947
110514
645585
1929197
2213646
555688
1959768
1226307
1669856
1711475
1058798
441273
2339496
1138170
1403591
2441377
2175556
970305
2261416
1784540
1739130
39445
2226558
1322721
143774
129474
66849
1908408
2482371
17837
1363586
2357407
1721204
2291678
33885
2488926
566630
787220
1428690
121760
1413820
1159410
2170886
989235
2430901
2481303
1906675
168088
1010590
1579449
1601915
2136757
2375785
455630
772258
1870898
1915568
1990552
844989
64877
1814899
595077
2446243
2486475
2168895
2200164
874139
2273276
659150
908329
1287571
2015030
8643
34990
556102
1851507
193245
1693964
444283
908212
295390
758528
1696819
2278512
1685843
1249679
314232
1641930
2294342
2246503
935719
2445757
2294962
284180
570176
1770538
490705
56284
544531
983348
147257
2273283
2200059
29178
1832779
1364795
948068
1437948
1061520
1242364
2559007
351520
1567117
444981
143732
1308491
1644601
1863190
1016693
426479
1110315
2135122
1246122
2121788
1532263
1044774
1121272
334270
2512177
929366
696062
1868928
924371
2437848
1144969
1027249
1688805
1356300
937579
990902
132669
38396
1651430
1962421
511592
2107875
1791486
1957172
1392675
248310
871632
2399364
1935980
849875
2241282
2299806
1576
1543288
1346332
1697076
2629548
1335075
2254176
2139707
909813
25352
1842951
878697
1579266
973359
1140173
2332659
852490
386746
1771040
383549
1030681
591414
426452
105929
2078570
2590426
183238
558878
1722830
643410
435336
1482190
1748582
1031242
2007507
1444735
2260105
2560210
503502
1670124
1486764
862955
1081219
417876
2611835
314352
315693
2334541
247549
1702425
1805844
19260
485995
493458
1612638
1595756
1345221
1083107
1335946
1242475
2006703
1826515
2231515
257637
304825
1467573
1290643
355203
212658
2182384
542381
1560131
1597381
218799
985168
1420693
1933698
2571964
63128
548177
349375
1684815
1050665
1609455
2306051
82845
465173
1301423
1010780
2067517
1921756
417618
1819975
1215386
24320
1695486
1833670
427042
1821991
1646496
2107376
774913
815743
1401545
2084815
1377054
195023
2169760
2314202
652361
1688654
745528
2203259
78666
1309742
1582297
318142
2459836
2312550
1110124
1930316
1473056
2580342
1893171
1827971
2051407
203676
1363065
999114
2582485
1944931
2428941
1689
893993
1868924
2283786
985906
175162
2477261
195653
1503685
1327019
1716853
1818713
1064556
298780
2451251
2021899
1320977
28595
2315545
587337
2590869
2391148
1921143
606233
2224532
2166029
2280260
1903146
2439115
455056
556210
836694
326220
1384425
1267305
1548798
2454853
1002391
997908
950873
1795334
1061316
1412784
2146162
19020
545405
1056324
2461814
796373
1844665
916895
2343474
1644049
1595607
445386
1574750
955187
2330302
2584194
1325138
37628
948428
577133
307674
1441351
1371326
1759665
2088375
1577756
867697
1775814
281479
126204
1887544
2621148
1980695
276189
462524
800425
1663133
2069696
2440103
1774288
1416476
187968
1815083
2175626
2510675
2506228
979999
802461
1793431
976028
1712834
1553434
630138
1265754
181581
269948
451638
1922624
545491
471547
1975172
906039
1760115
1286811
2018865
1147550
1009572
117353
1679418
863802
2009346
1746881
1166690
1829036
1836824
1263318
140757
782553
1599831
112741
1213127
1933022
2428659
1656096
931040
2275387
2023303
2219273
1440297
491486
405970
361818
1269158
1202571
2162086
875231
411524
1333941
187689
2046589
2081720
2149431
451922
861071
2255772
882275
1379711
261524
987402
696653
2287435
1975820
210273
2294816
1280061
2547319
1641574
1370222
74952
2034770
2319713
1070467
2084349
2600522
2404963
2462799
686842
366775
612153
2385981
1967637
2611940
1202634
1481859
2254534
1988406
539912
1834300
2429044
1187549
1112066
974828
1555729
724730
1846906
837530
310810
1161146
2052000
932893
344394
2395688
671092
775450
1796611
1675903
2457534
151783
748592
2586479
1096499
1598518
813010
1244957
2463031
1483833
1287246
782157
1582028
3300
479821
2195595
776092
1365920
24316
2137892
2248484
414913
2490176
633613
1277052
474384
2322559
267349
120306
729188
1004605
2206578
328617
2311325
114173
644826
1391630
931613
2569839
246711
506291
2074364
386962
410854
2646101
1984999
915396
2399502
1212523
80038
726298
1414094
2442043
2565298
526829
2587423
1408518
567389
424513
2152497
269620
1534356
1653550
2271091
563146
511861
1868366
2202977
1123042
2462802
2035976
57366
862079
2246064
904587
2239922
245440
938983
716348
115901
1593690
1276783
261102
1810472
139643
1369262
1385708
754713
889114
2075767
681780
543115
745486
2032176
978912
2297829
2360136
2514104
6903
756612
188107
2470866
231976
113640
2253813
2521785
1903087
101854
569171
2287608
152108
1340844
2383710
2614330
1845083
1507394
2346250
2503337
2566528
1863688
2239089
2014590
981924
986147
1702889
478473
2252076
1961046
2336400
324020
665061
421340
859232
2182387
1593049
2188055
2364091
1880316
13128
110753
17288
955843
417819
1507815
1088802
1870227
839311
983275
2619363
1677661
18018
2084462
2492737
828063
1552167
736782
1250298
2394651
245721
245545
1445213
2529218
1058301
1155713
322412
204612
868611
2123280
2206734
1369487
232891
2433502
474862
2358360
1144018
2121684
2174855
408338
2128763
647649
471749
2299298
186209
1010027
1570231
2074297
1359895
1369296
2375266
744407
2126931
882853
1548451
2522473
774035
600770
2366790
2243353
1264021
1631923
1496120
1586663
2281700
2192957
1876011
2247488
2564047
1301088
396022
1879121
1023064
1854577
609352
352994
73822
2532943
428286
497366
1051031
2099419
2127818
2293697
941409
117628
2249580
57019
1258709
2507019
289086
1568170
998105
894746
519759
74546
2538106
224963
2136895
2620116
2465310
613707
1255165
890589
689080
1663116
744539
573718
1156254
1086381
2212671
2410103
2172405
1926997
2509743
2637161
1226786
210743
59152
1725587
2554535
828657
2185325
2281550
569848
2402173
1395801
1280912
1966674
1370578
1004808
2295493
1436577
950751
1971937
1639527
425097
1236069
491149
381492
507585
511476
358363
580311
2388225
349705
652611
1463391
1467606
952355
2618366
995725
2474968
922112
1061483
426173
1575152
788587
1337461
1206983
79457
2357325
306227
1656094
900344
581777
2058846
711392
437889
958939
2137336
1069443
2483752
2344517
1758559
218366
699511
654962
1035642
1499920
239611
1513646
1393282
1133374
901132
1406605
1042246
791320
1309156
2307177
710791
647949
2177307
2145294
2158442
1641890
2103440
1746296
1195723
1468859
1418084
24452
1896527
2285984
1700687
412018
2336460
62039
1637549
2211033
648065
1059120
421116
1783796
1682104
1064817
1643840
441061
1456692
1107090
264679
321894
1533658
1910712
708767
1672500
1289106
2610725
1248357
165431
669466
2597544
1877494
1205407
485100
494269
511697
1560627
1307009
153429
848104
1632960
399512
944412
998681
2568130
2019343
126931
907037
786842
2411973
132195
2116409
625836
1840067
2224410
712455
626839
1729925
1192081
2322734
1207519
493514
3551
1619394
2214433
1713728
2288404
805257
2575502
958726
2364624
2410624
687908
890782
254137
146023
483785
780239
1441724
1512856
1608986
2220165
182303
1086193
1868279
2269037
1095075
1294002
864157
212901
905145
1901823
73020
1914062
1582519
1824159
2141666
1886773
882680
1430730
763714
110592
2472030
1916360
111118
1554358
2285464
1931129
1290303
274224
1985101
1017920
2005530
1611862
1592925
2280250
1599699
119355
1910844
780518
1920297
2520358
1616655
797038
388837
1137093
2182079
2458158
1894719
1395188
2427703
776612
1219995
2352741
1657563
680970
1822584
683623
411122
651628
1494841
1911284
1093026
1692728
2278522
2107600
1530074
1451060
2322553
1369361
60266
429933
1300773
2287842
2417735
1511280
115606
123989
1843232
785577
1204743
2486605
394340
1155978
196272
657896
1020419
943918
456135
2457839
2004689
18913
1511655
192481
847780
654445
2047981
727954
2187598
612080
2334429
1937700
239529
1618816
1919204
1948963
1671500
45422
483041
1476410
2383604
1132085
869130
1528878
20697
1415154
1790947
1066134
548601
1485696
2377689
888578
2045787
966285
495961
1329944
2454321
2272929
492874
1317914
962845
647091
1020045
1687820
313570
1168133
2610473
1438591
2323394
1798965
122516
136080
1617504
610360
1832888
502555
73552
1811351
1468868
18206
418793
945335
320386
334973
1295320
81686
2458491
1043168
1085452
408520
100372
2522025
724525
2478222
123939
467367
1478454
1045889
1987416
612247
1721611
1794356
412853
1923818
11997
1944954
2096071
1901598
499618
399927
2351065
895051
1674251
947212
1042597
1456752
2577307
787159
1865701
2269359
2397076
31309
554212
2271495
1675475
1027568
1718592
1899310
84192
170644
1834750
650010
1709541
2372703
1959106
1771350
591947
1113049
2537308
456065
2487054
861019
560511
173387
594726
1981276
1445045
173086
791914
923604
779886
1922918
1043388
1757916
2431897
2301920
1270643
2230064
2235386
530593
2044316
2572901
1776545
2593768
2092512
1108466
801825
446155
679781
607863
2309875
1203770
2098960
642139
135253
1390419
1008504
1221049
2439905
736927
1446920
2291861
2333960
2636597
1478303
26145
916652
1895954
1233866
2462470
2375264
49799
2348314
2469228
1579137
727317
2266290
1260806
910180
1849363
1160149
2053448
1939724
2286417
187120
2614634
1197227
651172
2466487
1206240
1874233
175593
1610650
1562510
2293577
82884
922555
103568
1722067
1909778
315680
602034
2542421
426639
2188460
1210787
236410
970811
2451709
2628988
1429094
1432334
1957875
400026
1391202
1707042
919510
1914112
1794331
1392726
2032174
1166290
248350
1649108
873723
2084680
1949696
718142
1824670
1430668
1285875
2266689
2071213
904139
1805904
193925
2379507
2102565
968699
71963
2130940
1399347
2568081
846072
438710
361924
1004019
920280
1821328
1233540
245649
412738
2102940
471944
802255
211951
2085845
1936298
375875
586301
430318
1547104
418533
1288468
677587
325705
865508
1679804
1835649
85632
1241436
969434
1042882
652947
1640375
1680908
1258471
1081682
351461
1558674
938173
950233
177067
992975
1686778
338591
1184689
309459
2490804
863469
713440
865489
736989
1556908
385828
137706
1583946
1895630
716146
1590237
1652905
1696440
452887
1065353
2209881
1398057
1652088
1121650
485702
2623411
1515740
782154
203953
976605
1903596
1805670
2015242
352559
666460
2582497
1010129
1618605
1339785
1768198
2305219
1040981
1432880
134877
1708506
2039023
2404663
827223
245508
2313424
2493126
2523460
1224015
2280957
1140276
2627095
1124844
2246408
1045931
367630
462610
2163539
2054192
729475
1246030
1883550
1742548
221483
801409
2399256
69161
1684498
952129
525203
1486354
585215
1393707
2354431
1323294
1811789
101191
2326618
208518
2197085
2068834
34095
1340454
1193919
428104
2493908
892787
715877
1671700
1743240
2627810
2440757
853058
1473171
1047660
663822
246460
1906574
443466
1915652
2013923
2610722
1179733
6586
636095
2588742
1912986
1272177
499010
1911155
324961
502665
2164555
1256998
1567695
1543334
1112554
2529854
796277
2273870
1722920
1942064
250607
1024392
2062451
320226
2121578
2061382
1349642
1451311
1529818
2454969
227892
473906
2596821
795252
1279267
1546620
1255765
198238
1259296
903264
785097
1565561
574244
768474
458762
1456916
728436
1593952
2628201
2110111
813150
1227000
1179657
1096654
452724
2279471
740542
1161577
885011
1188347
1095026
372402
419641
368455
953072
273203
634701
939619
183882
1574656
643434
1233193
332469
476816
591393
881279
861360
1603359
2069319
797757
520312
286886
717680
1562179
2472135
1042946
262881
1429580
2511526
903767
332208
966515
37926
559896
1057049
1655500
16983
1181407
2517962
883521
1169546
1636503
1119777
44475
54037
2150465
2067198
2459788
967898
291727
1505756
1985183
1483376
2547437
1416377
685460
529493
1847487
386186
1322367
791534
1716683
2230924
79724
1774489
218186
321005
117870
1639760
2367764
2197074
1501063
148702
423615
1504661
342990
381013
1210905
462624
914688
711006
355729
1604218
2349998
255496
1500218
593502
2369618
875379
208173
2034033
507349
488784
2190644
1823402
1805847
740449
1151915
853967
2313080
2062499
1426861
2554396
1812576
502526
297565
1051384
1812311
2365173
686031
660268
2331225
1184206
1801719
1675001
263489
2168307
559972
2403924
742095
906835
1597464
791687
628202
22143
119183
502225
362840
2638682
2199316
363739
2404782
826140
1806311
621320
944614
297145
2042963
49940
803885
928490
1735217
2071191
1124867
869900
2232410
1115295
265387
2233060
1495096
2232061
2545105
294560
587176
1224427
1705116
368974
356007
1977306
1145517
145210
1660371
1177889
821974
1805007
1767529
548123
1933170
1969907
324064
662252
606256
2595703
1167299
372821
1266605
682043
1741772
2340908
2158608
834109
2102856
1913127
217084
2293046
186199
1456988
2202778
203804
1796495
1150992
2490702
277019
1285183
2198008
1471932
2093746
2610806
1476447
1967070
51653
42528
299893
1779451
557461
2105118
2330455
276676
1281966
691021
1209287
1690847
1822917
1842175
764565
682550
713862
1586383
73185
877201
1023252
1844067
643924
1858934
1274277
1882655
1378361
2345869
2075294
2517804
1264928
1569534
911628
1149338
2417061
125371
1444289
678344
1630808
100825
2224487
2512475
87489
454767
1610815
1792029
1968902
971643
1889911
42316
159941
1922477
2555664
758560
1009027
1238829
2428679
1510285
2407857
21327
1533662
2063695
232314
396164
102098
2640810
1481796
2555677
1216358
810209
917200
2225732
88453
352427
1344558
2256599
958098
828218
852756
1928611
1788430
192711
1201388
2222953
970038
1385615
457201
2385984
2131653
2300335
2471886
1960275
52948
2446969
2362853
1657627
1989849
1033711
1589602
716732
2313111
2047687
1487394
479575
2391362
101018
1695009
2543337
1441430
1934345
507285
2396740
1498206
2607365
2440091
585823
989680
946702
1165258
1401899
1417112
1431639
384079
2049538
752723
2331219
80871
185805
1332183
1377168
89970
2509405
869607
2351145
565161
692155
829295
859114
1192412
1113379
59707
1463176
307455
2259489
590002
2077723
2588611
1561358
1253046
1711388
690274
1106174
1329968
954382
787353
2260921
1636612
2277508
2055961
1353884
1459576
118317
2564145
524458
837166
1243018
1487953
2247271
227388
1247264
2030656
2550668
157171
2355669
1685990
457781
1602616
2206342
1025302
2317092
1021027
366324
184908
2639683
2335800
1766717
200254
2204547
2158549
204297
2495538
249836
1869734
749778
1260521
1357767
633935
2106377
432151
2087144
2595388
1866025
944048
848903
1052829
562150
1197152
822807
2236508
1995649
700334
1783074
2349702
414654
1040624
913935
1498423
947879
2292265
63486
566544
54606
810709
2148689
2049656
1807656
1965272
2408343
1814826
1937942
874943
324405
621578
2641565
2110545
2151063
1866237
2534
2286433
1777573
624382
1530923
99781
2050599
381117
1829054
143920
1744097
89852
780341
1516618
1582342
2560172
2522709
1580288
372829
1859899
1629353
1812038
276971
1121202
2428930
944343
544013
1437043
1583424
2153893
1404585
1930950
1036817
2266943
969495
2090854
1149725
607111
549718
357372
1486694
618852
1600792
1240072
1363485
2603788
68754
652477
2037521
1679844
2099049
873320
416768
220438
777200
481842
1924249
2639954
552293
62099
2171085
1757471
1774589
2096059
1710644
217611
1932066
2083809
832234
2543178
288603
622442
1843383
1151894
234322
787649
107217
251088
890752
2110556
2642857
270620
485565
2484775
1997324
2220615
505962
2141562
2324026
216778
2481908
656537
976171
2189790
1849565
1837640
866081
446105
636238
696973
386480
1041657
500158
2290107
741547
2029473
1966316
2000301
775559
1660285
37782
1364970
2307370
454329
483661
2069419
1408041
1344092
963567
1052325
1473833
646588
869993
867534
1770282
570101
1597115
2196048
302625
1476632
1253422
1131818
645054
1728270
1124998
1729597
326037
206393
101123
1466669
1787359
507902
617277
299366
2237079
1909571
536660
2307364
2426391
2637765
2072751
230722
1251661
1811186
1857844
2193118
271576
691531
448177
2048569
886553
676036
2457314
395028
2438177
13280:
623294
1657093
65693
1621863
3775:
674845
1945265
2491810
2047646
2360815
10395:
267088
48746
2304297
667195
16930:
160977
1668547
12114
1395119
704742
1156893
2489437
1000264
1083181
1016514
1738869
2578397
1734758
1459833
2510709
2321212
2254974
1781440
1407269
1487144
2594220
207942
539406
740461
1275836
1988662
626940
70236
1317841
2216171
1373124
568603
2547639
543332
2575705
254811
2449004
1438037
2111600
1465286
1599205
1511576
1080875
2063492
446648
1793653
2166040
1924795
136296
2035418
14200:
1763105
766032
944542
1381130
1280280
543571
397741
2288122
1373877
1846288
566430
810261
1939582
618756
2266655
455644
295957
979449
1364802
2174089
1598788
288978
1646436
1992330
901706
2455083
1419768
2591674
681217
985561
1569353
2051768
928005
2130610
2557836
1519432
1156933
2196881
480555
2610799
2535489
1162920
972313
799515
2434700
145523
