12944:
1313436
742042
1843561
452497
1944824
1181037
160390
1095174
845059
896379
2536084
353391
450438
972259
2339024
1021691
2118143
2118564
140601
506466
2332012
691616
1660316
2190230
1477618
1575423
1759398
1833629
502178
2344057
1571419
2379221
1952069
2036752
385001
2566451
12945:
525818
1303189
1753877
2520087
432125
2146123
705163
2376297
509012
1200228
421988
1721636
204767
1101615
2330245
695799
2572927
33160
174071
6750
1585449
1404287
127347
1809857
2460883
313271
174203
1287550
2425145
931071
307895
2198080
2558656
2609556
2000655
1561363
1739211
2623651
1717337
1353913
2100857
1453141
1049320
1011531
1825000
625691
1098932
2082541
1389305
989792
1599119
2258659
2401260
1907107
1219483
12946:
396015
1249346
519380
2632341
2412249
1590099
2267439
2301034
1873873
543429
1493247
777272
960419
1842099
2642548
2627629
2073723
449661
1324871
1992896
779098
1870082
2236077
1154504
791310
2172066
981658
1462534
12947:
1353881
1421625
1227705
1002074
2350243
1504919
2468399
2334595
1626252
2268969
1269875
12948:
260314
474921
1341404
195023
2033006
804428
1888082
687641
498748
1276351
1370596
12949:
222153
44976
1802979
1403074
2260021
1736931
1230031
2372045
1396356
1872391
2386418
986687
1090223
1435721
2018908
667053
1949332
1876192
2281417
947574
2449279
524808
79835
1945638
1634596
2574568
1498772
1283290
1491101
2093639
1295:
254711
1806618
13691
477274
2564761
13620
98434
1998055
296473
1251860
532846
2410525
1721728
2476195
2469581
466519
1766123
1616372
1407491
1259356
905916
231650
1933882
469021
2091606
1597299
1931684
1306112
1099301
1404346
233550
82285
291057
1067143
2524912
2136742
1632387
1590828
527134
1960291
1106376
1802785
1356712
762066
1454385
1993134
1470890
1225643
1676991
191707
1237067
1637911
1797123
634093
605663
1403996
821625
1133836
1816581
1453652
2311908
2332765
2646359
2387024
2621581
2182729
2611297
452765
1571768
1132264
891563
848981
48383
2243713
760455
2520834
756108
1051962
494201
1846387
580231
1449475
1780965
511309
1309322
2496445
1288651
2414511
116859
1646956
2439047
303937
726926
796368
950873
283487
2156558
1805036
986538
1199850
1352458
1487922
223930
814937
436984
602410
1092814
486516
29183
1054534
287849
68612
158980
990266
1030060
1051925
1089126
1343708
2239628
491531
1758133
406127
1206512
372052
434215
719409
2030480
2286373
1364347
1746516
714884
712460
2559895
1821408
318531
1438885
722679
2546608
1119431
2274899
82917
86739
2543482
1574156
561303
899761
947078
2026188
1129933
302334
570999
490789
1091331
1531270
2631671
2454285
776353
2266974
2062868
2174831
203708
48016
106217
2520354
977784
562115
977806
1677370
737030
715767
1551135
854337
2285733
615868
2631921
2112137
1150475
673208
2204167
960724
1684604
2190188
2022230
2403195
697818
1461193
1166147
1482581
2642210
728172
1929725
2228165
727572
1711208
2359514
1481471
618820
1330758
2090998
2030446
78107
2578679
238714
2441548
1598947
651278
2055388
904625
1878500
2060343
940595
2438448
2361125
399823
1354992
735775
1621397
1145387
1627519
773753
12950:
1183745
584789
1249592
2533530
2197879
626857
12951:
1313694
640838
1486663
2642350
1130028
2143491
1062751
1062029
2123401
1222199
562324
2632350
2550058
432949
1336345
439922
12952:
2575912
458806
403766
2416491
143736
989662
408492
301436
721567
1907815
712330
1638557
344955
1905512
784397
2014387
2613636
906826
2195186
2207802
1347022
12953:
350875
474998
780160
514664
1493728
962521
611611
2489394
1521465
1135707
1591925
1318247
162785
202434
2096462
2076367
206906
1827112
1114100
12954:
1885991
12955:
553956
12956:
1735266
1114967
1363305
247994
1278721
1904729
1001788
2084678
1370023
2628149
1842251
2017904
908599
2506543
122741
2407194
573434
1403212
1891695
1903977
2223273
1087303
1989863
865955
1087328
852409
798088
2104767
1497265
1153767
1428228
2519165
1193090
952904
749994
870744
1125543
1502406
2177352
1479323
1401599
1492708
1384916
377970
2052916
2177203
1668004
118113
2365591
2581444
2031068
1053633
1739480
634416
2498845
800270
12957:
1186549
1253198
2358492
76990
295399
559798
2101530
656505
12958:
1920690
952869
2365514
1224658
546645
2141163
419521
191745
1042784
1851956
136846
2377799
2579088
514101
1202598
2600172
611360
205747
1796121
853151
1199386
959883
12959:
1783144
1231378
2565109
962342
2505112
2186208
2327536
1145675
1876756
556051
1932367
828867
1456167
1296:
1831797
181590
44624
15699
206012
1056502
1127871
1076756
666407
1013648
2252911
277133
1315811
1659383
1946941
1770465
655156
1855542
528122
12960:
1682355
2248258
535324
626540
12478
12961:
2574153
295463
971994
2050221
1048203
121182
2189462
1147805
1478419
2204183
1995228
2552458
12962:
2135174
1808276
741530
525926
1356829
2412997
1497490
12963:
1332983
2639339
825005
12964:
1273613
1513622
828590
1581153
12965:
990980
322425
929308
2604453
1816857
455352
1094282
2089730
423721
2010211
813861
39794
425737
1426963
1992993
188784
2124199
2093971
992096
1187026
272967
554999
1231676
2553883
260445
548513
643946
1309162
335178
1158921
1860060
1893433
1102951
2373234
2349971
2135890
2397911
2620409
2397785
1269205
14601
12966:
2195535
1028648
868158
2024320
1316262
2288259
1183144
1622320
267377
389606
1071876
2004172
77120
609949
2203213
2645200
248279
1556891
934140
1145226
1208186
1918101
1654254
1006228
2289510
1759415
738052
1474523
988670
2262940
6228
430340
1358210
2071516
2606322
1636097
68416
1613049
1151054
1046333
874115
241688
1505071
2229588
716779
1617611
694536
91652
903703
812567
1854804
1137257
2530
995860
373146
2122391
1079429
204190
296202
1363180
1318200
2356852
689132
183386
748293
2257365
301577
2024028
1999722
814419
252393
1738087
904194
550262
387426
1015371
2020735
2590457
438576
138698
315960
51178
1968328
1602923
2333858
603197
182620
2637624
422017
2554376
1718201
1955231
764653
1922209
220466
1883968
486022
54951
44702
2415103
155053
1423694
2618968
1429096
490280
1751763
1409496
1865786
1451370
249544
1278144
340091
1652182
2471705
481094
1840009
1032342
1721710
985949
156151
1201115
2626619
1103906
24144
2372768
2406951
837215
2223108
1355760
2516666
2277340
1232401
41108
81567
1121984
1089070
2383611
1183745
2471323
1813311
1709540
1860378
1994236
535840
2553450
1026139
2211607
193587
1425600
1700545
2078239
1876695
1130539
2621355
327447
263059
1621822
802047
918447
2223218
15121
1447823
2219605
580838
321451
1184694
1671504
2290519
144480
2301940
1378077
2175334
1569216
2040387
1981333
963962
1784415
1974447
1484140
1325430
646961
2587182
513195
1976667
334870
1614258
939644
113965
1281063
2285593
182472
333636
847151
671363
587484
913921
958315
2236146
2414573
2571477
2126877
1730090
538019
978765
1247694
2214572
554032
2322584
808578
2570617
2575112
330486
1587373
2034117
2619372
821957
1468676
1987655
1902332
2555736
1853074
1975067
2091170
182738
1100749
400819
732970
1985541
888041
1233997
1321149
2548118
1361026
581065
32771
65431
220746
1594523
1729026
823079
2280950
2544656
1139510
1752385
689106
1056133
858862
1557399
1288401
302563
828853
293162
1776069
1981815
2119692
590216
1577868
1847184
1967257
1254672
968765
386650
1622178
467270
1244810
1496705
1801766
1208314
2608469
1740093
768783
974942
2159751
522419
978172
2396731
1739821
92832
1406050
335131
2091462
2044542
1087705
150658
1377268
1371156
398026
230790
26424
2519667
1246595
975179
1125519
2469844
1541351
1573779
2460887
596265
1881800
2444482
1087235
784746
1932853
1602952
2533577
1484029
76668
1015463
1691131
1943595
1401704
856645
1189530
2265954
2437003
2157919
789710
1773034
2227668
1591819
2302773
2128389
1469158
878630
2296801
254856
647036
789879
1178811
2512574
